S 163.55 163.55 163.55 163.55 
G 18.33 18.33 18.33 18.33 
S 163.55 163.55 163.55 163.55 
G 18.33 18.33 18.33 18.33 
S 163.55 163.55 163.55 163.55 
G 18.33 18.33 18.33 18.33 
S 163.55 163.55 163.55 163.55 
G 18.33 18.33 18.33 18.33 
S 163.55 163.55 163.55 163.55 
G 18.33 18.33 18.33 18.33 
S 163.55 163.55 163.55 163.55 
G 18.33 18.33 18.33 18.33 
S 163.55 163.55 163.55 163.55 
G 18.33 18.33 18.33 18.33 
S 163.55 163.55 163.55 163.55 
G 18.33 18.33 18.33 18.33 
S 163.55 163.55 163.55 163.55 
G 18.33 18.33 18.33 18.33 
S 163.55 163.55 163.55 163.55 
G 18.33 18.33 18.33 18.33 
S 163.55 163.55 163.55 163.55 
G 18.33 18.33 18.33 18.33 
S 163.55 163.55 163.55 163.55 
G 18.33 18.33 18.33 18.33 
S 163.55 163.55 163.55 163.55 
G 18.33 18.33 18.33 18.33 
S 163.55 163.55 163.55 163.55 
G 18.33 18.33 18.33 18.33 
S 163.55 163.55 163.55 163.55 
G 18.33 18.33 18.33 18.33 
S 163.55 163.55 163.55 163.55 
G 18.33 18.33 18.33 18.33 
S 163.55 163.55 163.55 163.55 
G 18.33 18.33 18.33 18.33 
S 163.55 163.55 163.55 163.55 
G 18.33 18.33 18.33 18.33 
S 163.55 163.55 163.55 163.55 
G 18.33 18.33 18.33 18.33 
S 163.55 163.55 163.55 163.55 
G 18.33 18.33 18.33 18.33 
S 163.55 163.55 163.55 163.55 
G 18.33 18.33 18.33 18.33 
S 163.55 163.55 163.55 163.55 
G 18.33 18.33 18.33 18.33 
S 163.55 163.55 163.55 163.55 
G 18.33 18.33 18.33 18.33 
S 163.55 163.55 163.55 163.55 
G 18.33 18.33 18.33 18.33 
S 163.55 163.55 163.55 163.55 
G 18.33 18.33 18.33 18.33 
S 163.55 163.55 163.55 163.55 
G 18.33 18.33 18.33 18.33 
S 163.55 163.55 163.55 163.55 
G 18.33 18.33 18.33 18.33 
S 163.55 163.55 163.55 163.55 
G 18.33 18.33 18.33 18.33 
S 163.55 163.55 163.55 163.55 
G 18.33 18.33 18.33 18.33 
S 163.55 163.55 163.55 163.55 
G 18.33 18.33 18.33 18.33 
S 163.55 163.55 163.55 163.55 
G 18.33 18.33 18.33 18.33 
S 163.55 163.55 163.55 163.55 
G 18.33 18.33 18.33 18.33 
S 163.55 163.55 163.55 163.55 
G 18.33 18.33 18.33 18.33 
S 163.55 163.55 163.55 163.55 
G 18.33 18.33 18.33 18.33 
S 163.55 163.55 163.55 163.55 
G 18.33 18.33 18.33 18.33 
S 163.55 163.55 163.55 163.55 
G 18.33 18.33 18.33 18.33 
S 163.55 163.55 163.55 163.55 
G 18.33 18.33 18.33 18.33 
S 163.55 163.55 163.55 163.55 
G 18.33 18.33 18.33 18.33 
S 163.55 163.55 163.55 163.55 
G 18.33 18.33 18.33 18.33 
S 163.55 163.55 163.55 163.55 
G 18.33 18.33 18.33 18.33 
S 163.55 163.55 163.55 163.55 
G 18.33 18.33 18.33 18.33 
S 163.55 163.55 163.55 163.55 
G 18.33 18.33 18.33 18.33 
S 163.55 163.55 163.55 163.55 
G 18.33 18.33 18.33 18.33 
S 163.55 163.55 163.55 163.55 
G 18.33 18.33 18.33 18.33 
S 163.55 163.55 163.55 163.55 
G 18.33 18.33 18.33 18.33 
S 163.55 163.55 163.55 163.55 
G 18.33 18.33 18.33 18.33 
S 163.55 163.55 163.55 163.55 
G 18.33 18.33 18.33 18.33 
S 163.55 163.55 163.55 163.55 
G 18.33 18.33 18.33 18.33 
S 163.55 163.55 163.55 163.55 
G 18.33 18.33 18.33 18.33 
S 163.55 163.55 163.55 163.55 
G 18.33 18.33 18.33 18.33 
S 163.55 163.55 163.55 163.55 
G 18.33 18.33 18.33 18.33 
S 163.55 163.55 163.55 163.55 
G 18.33 18.33 18.33 18.33 
S 163.55 163.55 163.55 163.55 
G 18.33 18.33 18.33 18.33 
S 163.55 163.55 163.55 163.55 
G 18.33 18.33 18.33 18.33 
S 163.55 163.55 163.55 163.55 
G 18.33 18.33 18.33 18.33 
S 163.55 163.55 163.55 163.55 
G 18.33 18.33 18.33 18.33 
S 163.55 163.55 163.55 163.55 
G 18.33 18.33 18.33 18.33 
S 163.55 163.55 163.55 163.55 
G 18.33 18.33 18.33 18.33 
S 163.55 163.55 163.55 163.55 
G 18.33 18.33 18.33 18.33 
S 163.55 163.55 163.55 163.55 
G 18.33 18.33 18.33 18.33 
S 163.55 163.55 163.55 163.55 
G 18.33 18.33 18.33 18.33 
S 163.55 163.55 163.55 163.55 
G 18.33 18.33 18.33 18.33 
S 163.55 163.55 163.55 163.55 
G 18.33 18.33 18.33 18.33 
S 163.55 163.55 163.55 163.55 
G 24.54 12.12 13.16 23.49 
S 162.97 164.18 161.77 165.33 
G 24.72 12.00 13.62 23.31 
S 161.48 166.00 157.73 169.45 
G 24.74 12.10 14.49 22.93 
S 159.58 168.42 152.96 174.41 
G 24.77 12.15 15.38 22.41 
S 157.83 170.91 148.06 179.60 
G 24.82 12.20 16.20 21.85 
S 156.50 173.18 143.45 184.53 
G 24.92 12.21 16.90 21.29 
S 155.76 175.07 139.38 188.91 
G 25.06 12.19 17.49 20.77 
S 155.48 176.46 136.27 192.28 
G 24.94 12.15 17.97 20.32 
S 155.46 177.32 134.31 194.42 
G 24.85 12.09 18.33 19.96 
S 155.60 177.72 133.29 195.55 
G 24.79 12.01 18.61 19.69 
S 155.87 177.72 133.14 195.73 
G 24.76 11.92 18.82 19.48 
S 156.23 177.36 133.77 195.08 
G 24.74 11.82 18.98 19.34 
S 156.64 176.68 135.05 193.73 
G 24.74 11.72 19.09 19.25 
S 157.09 175.85 136.86 191.83 
G 24.75 11.70 19.16 19.19 
S 157.55 175.02 138.96 189.62 
G 24.77 11.68 19.21 19.14 
S 158.01 174.22 141.34 187.13 
G 24.80 11.66 19.25 19.12 
S 158.45 173.45 143.86 184.50 
G 24.83 11.62 19.27 19.09 
S 158.88 172.71 146.43 181.81 
G 24.87 11.59 19.28 19.07 
S 159.29 172.00 148.97 179.17 
G 24.91 11.55 19.30 19.04 
S 159.69 171.33 151.41 176.62 
G 24.95 11.51 19.31 19.00 
S 160.06 170.70 153.70 174.24 
G 25.00 11.46 19.33 18.95 
S 160.41 170.11 155.82 172.03 
G 25.05 11.41 19.36 18.89 
S 160.74 169.56 157.75 170.03 
G 25.10 11.35 19.39 18.82 
S 161.04 169.06 159.48 168.22 
G 25.16 11.30 19.43 18.74 
S 161.31 168.60 161.02 166.60 
G 25.23 11.23 19.48 18.66 
S 161.55 168.20 162.39 165.16 
G 25.29 11.17 19.53 18.57 
S 161.76 167.84 163.61 163.88 
G 25.36 11.10 19.60 18.47 
S 161.94 167.53 164.70 162.72 
G 25.44 11.03 19.66 18.38 
S 162.08 167.27 165.69 161.67 
G 25.51 10.95 19.74 18.28 
S 162.18 167.07 166.61 160.70 
G 25.59 10.87 19.81 18.18 
S 162.25 166.92 167.48 159.78 
G 25.68 10.79 19.90 18.09 
S 162.27 166.83 168.33 158.88 
G 25.77 10.70 19.98 17.99 
S 162.25 166.79 169.17 158.00 
G 25.86 10.61 20.07 17.91 
S 162.19 166.81 170.03 157.11 
G 25.95 10.52 20.16 17.82 
S 162.09 166.90 170.92 156.20 
G 26.05 10.42 20.26 17.74 
S 161.94 167.04 171.86 155.25 
G 26.15 10.33 20.35 17.67 
S 161.74 167.25 172.86 154.26 
G 26.25 10.23 20.46 17.60 
S 161.49 167.52 173.92 153.22 
G 26.35 10.13 20.56 17.54 
S 161.20 167.86 175.05 152.13 
G 26.46 10.02 20.67 17.48 
S 160.85 168.27 176.25 150.98 
G 26.57 9.92 20.79 17.43 
S 160.46 168.75 177.52 149.77 
G 26.68 9.81 20.91 17.38 
S 160.01 169.30 178.88 148.51 
G 26.79 9.70 21.04 17.34 
S 159.52 169.93 180.31 147.18 
G 26.90 9.60 21.17 17.30 
S 158.97 170.63 181.81 145.81 
G 27.02 9.49 21.31 17.27 
S 158.37 171.42 183.40 144.37 
G 27.14 9.38 21.46 17.23 
S 157.72 172.28 185.06 142.88 
G 27.26 9.26 21.62 17.21 
S 157.01 173.23 186.80 141.33 
G 27.38 9.15 21.79 17.18 
S 156.26 174.27 188.63 139.73 
G 27.50 9.04 21.97 17.16 
S 155.45 175.41 190.55 138.07 
G 27.63 8.92 22.16 17.15 
S 154.60 176.64 192.55 136.35 
G 27.75 8.80 22.36 17.14 
S 153.69 177.97 194.65 134.56 
G 27.88 8.69 22.57 17.13 
S 152.73 179.40 196.86 132.69 
G 28.02 8.57 22.80 17.12 
S 151.72 180.95 199.18 130.75 
G 28.15 8.45 23.04 17.12 
S 150.67 182.62 201.62 128.73 
G 28.29 8.32 23.29 17.13 
S 149.56 184.41 204.21 126.60 
G 28.43 8.20 9.08 26.70 
S 149.25 185.51 203.25 127.17 
G 28.45 8.22 9.63 26.81 
S 149.57 186.08 195.92 133.19 
G 28.31 8.40 11.21 26.64 
S 149.45 187.10 184.53 143.43 
G 28.11 8.62 12.94 26.16 
S 149.00 188.38 172.44 154.85 
G 27.91 8.82 14.46 25.47 
S 148.44 189.67 160.87 166.23 
G 27.74 8.99 15.70 24.67 
S 147.88 190.89 150.78 176.45 
G 27.60 9.12 16.66 23.85 
S 147.35 192.01 142.41 185.13 
G 27.49 9.22 17.39 23.06 
S 146.89 193.03 135.71 192.24 
G 27.41 9.30 17.95 22.33 
S 146.48 193.96 130.59 197.77 
G 27.35 9.35 18.37 21.69 
S 146.13 194.83 126.96 201.77 
G 27.31 9.39 18.70 21.16 
S 145.81 195.65 124.73 204.31 
G 27.29 9.42 18.96 20.72 
S 145.51 196.44 123.78 205.51 
G 27.27 9.44 19.17 20.37 
S 145.24 197.21 123.96 205.50 
G 27.25 9.46 19.34 20.11 
S 144.99 197.96 125.10 204.49 
G 27.24 9.48 19.48 19.92 
S 144.77 198.69 127.00 202.66 
G 27.23 9.49 19.61 19.79 
S 144.55 199.41 129.47 200.24 
G 27.22 9.51 19.73 19.69 
S 144.35 200.12 132.37 197.35 
G 27.20 9.53 19.85 19.62 
S 144.17 200.82 135.55 194.18 
G 27.18 9.56 19.96 19.56 
S 144.00 201.50 138.84 190.88 
G 27.16 9.59 20.07 19.51 
S 143.85 202.15 142.13 187.57 
G 27.13 9.62 20.19 19.45 
S 143.71 202.79 145.32 184.36 
G 27.10 9.65 20.31 19.37 
S 143.60 203.40 148.34 181.32 
G 27.06 9.69 20.43 19.28 
S 143.50 203.98 151.13 178.48 
G 27.02 9.73 20.55 19.17 
S 143.41 204.53 153.68 175.88 
G 26.98 9.77 20.68 19.04 
S 143.34 205.05 155.99 173.50 
G 26.94 9.81 20.81 18.89 
S 143.27 205.54 158.06 171.35 
G 26.90 9.86 20.94 18.72 
S 143.23 206.00 159.91 169.39 
G 26.86 9.90 21.07 18.54 
S 143.19 206.43 161.57 167.60 
G 26.81 9.94 21.20 18.35 
S 143.16 206.82 163.08 165.94 
G 26.77 9.99 21.33 18.16 
S 143.14 207.18 164.47 164.39 
G 26.73 10.03 21.47 17.96 
S 143.14 207.51 165.77 162.90 
G 26.68 10.07 21.61 17.76 
S 143.14 207.81 167.03 161.45 
G 19.81 16.00 12.90 9.77 
S 142.63 206.41 169.21 159.12 
G 19.54 16.20 13.25 9.97 
S 142.84 202.80 172.32 155.88 
G 19.45 16.27 13.80 10.32 
S 144.15 198.68 175.02 153.06 
G 19.34 16.37 14.40 10.66 
S 145.24 194.92 177.24 150.70 
G 19.23 16.47 15.01 10.97 
S 146.04 191.68 178.98 148.84 
G 19.11 16.59 15.60 11.24 
S 146.48 189.05 180.30 147.39 
G 19.07 16.73 16.18 11.48 
S 146.72 187.10 181.32 146.25 
G 19.13 16.88 16.74 11.70 
S 146.82 185.84 182.12 145.34 
G 19.17 17.06 17.29 11.90 
S 146.91 185.16 182.77 144.58 
G 19.21 17.26 17.83 12.09 
S 147.04 185.04 183.38 143.91 
G 19.24 17.45 18.36 12.28 
S 147.15 185.17 184.01 143.23 
G 19.26 17.43 18.90 12.47 
S 147.26 185.31 184.69 142.54 
G 19.27 17.42 19.44 12.68 
S 147.36 185.46 185.51 141.76 
G 19.28 17.42 19.98 12.89 
S 147.46 185.63 186.50 140.87 
G 19.27 17.43 20.52 13.11 
S 147.55 185.82 187.68 139.85 
G 19.26 17.44 21.08 13.36 
S 147.64 186.00 189.07 138.70 
G 19.23 17.46 21.65 13.61 
S 147.73 186.19 190.66 137.43 
G 19.20 17.49 22.22 13.88 
S 147.82 186.36 192.46 136.04 
G 19.16 17.53 22.82 14.15 
S 147.93 186.53 194.47 134.54 
G 19.10 17.58 23.42 14.44 
S 148.05 186.67 196.68 132.97 
G 19.04 17.64 24.05 14.73 
S 148.18 186.78 199.08 131.33 
G 18.97 17.71 24.70 15.03 
S 148.33 186.86 201.66 129.66 
G 18.88 17.78 25.36 15.33 
S 148.50 186.90 204.41 127.97 
G 18.79 17.86 26.06 15.62 
S 148.70 186.89 207.33 126.28 
G 18.69 17.95 25.90 15.88 
S 148.96 186.80 208.85 126.14 
G 18.58 18.05 26.50 15.98 
S 149.31 186.60 207.67 128.80 
G 18.47 18.15 27.00 15.83 
S 149.71 186.31 204.34 133.80 
G 18.35 18.26 27.42 15.48 
S 150.11 185.98 199.75 140.15 
G 18.23 18.36 27.47 15.02 
S 150.40 185.72 196.78 144.62 
G 18.12 18.46 27.42 14.70 
S 150.58 185.52 194.06 148.51 
G 18.01 18.55 27.37 14.42 
S 150.73 185.33 191.03 152.35 
G 17.90 18.65 27.32 14.14 
S 150.89 185.08 187.80 156.05 
G 17.80 18.74 27.26 13.88 
S 151.09 184.76 184.46 159.55 
G 17.70 18.83 27.20 13.63 
S 151.33 184.38 181.09 162.76 
G 17.61 18.92 27.14 13.41 
S 151.62 183.91 177.77 165.64 
G 17.52 19.00 27.09 13.21 
S 151.95 183.38 174.54 168.14 
G 17.43 19.08 27.05 13.06 
S 152.34 182.77 171.43 170.44 
G 17.34 19.16 27.02 13.01 
S 152.77 182.09 168.59 172.52 
G 17.25 19.24 27.00 12.99 
S 153.25 181.35 165.87 174.53 
G 17.17 19.32 26.98 12.98 
S 153.77 180.54 163.28 176.44 
G 17.08 19.39 26.97 13.00 
S 154.34 179.67 160.83 178.24 
G 17.00 19.47 26.97 13.03 
S 154.95 178.74 158.53 179.92 
G 16.91 19.55 26.97 13.08 
S 155.61 177.75 156.37 181.47 
G 16.83 19.63 26.98 13.15 
S 156.31 176.70 154.34 182.90 
G 16.74 19.71 26.99 13.22 
S 157.06 175.59 152.44 184.22 
G 16.66 19.79 27.00 13.31 
S 157.86 174.43 150.64 185.45 
G 16.57 19.87 27.02 13.41 
S 158.71 173.20 148.93 186.60 
G 16.48 19.95 27.03 13.52 
S 159.61 171.93 147.29 187.69 
G 16.39 20.04 27.05 13.63 
S 160.55 170.59 145.70 188.73 
G 16.30 20.12 27.07 13.74 
S 161.56 169.20 144.14 189.75 
G 16.21 20.21 27.08 13.86 
S 162.62 167.76 142.60 190.77 
G 16.12 20.30 27.10 13.98 
S 163.74 166.26 141.05 191.81 
G 16.03 20.39 27.11 14.10 
S 164.92 164.70 139.48 192.87 
G 15.93 20.49 27.12 14.22 
S 166.17 163.10 137.88 193.98 
G 15.84 20.58 27.13 14.34 
S 167.48 161.44 136.24 195.15 
G 15.74 20.67 27.14 14.45 
S 168.87 159.73 134.56 196.39 
G 15.65 20.77 15.70 6.67 
S 169.71 158.57 134.02 197.41 
G 15.69 20.74 15.99 6.40 
S 170.20 157.79 135.20 198.17 
G 15.92 20.55 16.96 5.16 
S 171.15 156.61 137.57 198.56 
G 16.19 20.31 18.11 3.64 
S 172.43 155.16 140.98 198.38 
G 16.45 20.07 19.25 2.09 
S 173.81 153.66 145.30 197.53 
G 16.68 19.86 20.32 0.59 
S 175.13 152.27 150.35 196.01 
G 16.89 19.67 21.28 0.82 
S 176.29 151.04 156.00 193.84 
G 17.06 19.51 22.13 2.15 
S 177.27 150.02 162.10 191.05 
G 17.20 19.38 22.86 3.39 
S 177.86 149.39 168.69 187.57 
G 17.31 19.27 23.48 4.56 
S 178.14 149.08 175.50 183.61 
G 17.40 19.20 23.99 5.64 
S 178.35 148.85 182.38 179.29 
G 17.47 19.13 24.40 6.65 
S 178.49 148.69 189.22 174.69 
G 17.52 19.09 24.71 7.58 
S 178.57 148.60 195.91 169.91 
G 17.56 19.06 24.94 8.43 
S 178.61 148.56 202.29 165.09 
G 17.58 19.04 25.09 9.20 
S 178.61 148.56 208.24 160.36 
G 17.59 19.03 25.16 9.89 
S 178.59 148.58 213.63 155.86 
G 17.59 19.03 25.18 10.49 
S 178.56 148.60 218.33 151.73 
G 17.59 19.04 25.14 11.02 
S 178.54 148.63 222.23 148.08 
G 17.58 19.05 25.07 11.46 
S 178.53 148.65 225.25 145.05 
G 17.57 19.06 24.96 11.83 
S 178.54 148.66 227.31 142.72 
G 17.55 19.08 24.84 12.11 
S 178.57 148.64 228.37 141.17 
G 17.54 19.10 24.70 12.32 
S 178.63 148.61 228.42 140.45 
G 17.52 19.11 24.56 12.47 
S 178.71 148.55 227.47 140.58 
G 17.51 19.12 24.42 12.55 
S 178.83 148.46 225.57 141.56 
G 17.51 19.13 24.29 12.58 
S 178.98 148.35 222.79 143.35 
G 17.51 19.13 24.16 12.56 
S 179.16 148.21 219.21 145.90 
G 17.52 19.13 24.05 12.51 
S 179.35 148.06 214.96 149.13 
G 17.53 19.12 23.94 12.43 
S 179.57 147.90 210.13 152.95 
G 17.55 19.10 23.85 12.33 
S 179.80 147.72 204.88 157.24 
G 17.58 19.07 23.76 12.23 
S 180.03 147.54 199.33 161.89 
G 17.61 19.04 23.68 12.13 
S 180.26 147.37 193.60 166.78 
G 17.65 19.01 23.61 12.03 
S 180.49 147.21 187.83 171.77 
G 17.70 18.96 23.55 11.96 
S 180.70 147.05 182.11 176.77 
G 17.75 18.91 23.49 11.90 
S 180.89 146.92 176.54 181.67 
G 17.81 18.86 23.43 11.87 
S 181.05 146.82 171.20 186.38 
G 17.87 18.80 23.37 11.86 
S 181.18 146.74 166.12 190.84 
G 17.93 18.74 23.30 11.89 
S 181.28 146.69 161.34 195.01 
G 17.99 18.67 23.24 11.94 
S 181.34 146.68 156.86 198.86 
G 18.06 18.61 23.17 12.01 
S 181.35 146.70 152.68 202.39 
G 18.12 18.54 23.09 12.10 
S 181.32 146.76 148.77 205.60 
G 18.19 18.48 23.01 12.22 
S 181.25 146.86 145.11 208.51 
G 18.25 18.42 22.93 12.34 
S 181.13 146.99 141.66 211.16 
G 18.31 18.35 22.84 12.48 
S 180.97 147.17 138.37 213.57 
G 18.37 18.29 22.74 12.62 
S 180.76 147.38 135.22 215.78 
G 18.43 18.24 22.65 12.77 
S 180.51 147.62 132.16 217.83 
G 18.49 18.18 22.55 12.92 
S 180.22 147.91 129.17 219.75 
G 18.54 18.13 22.46 13.07 
S 179.89 148.22 126.23 221.58 
G 18.59 18.07 22.37 13.22 
S 179.53 148.57 123.30 223.33 
G 18.64 18.02 22.28 13.37 
S 179.12 148.95 120.39 225.04 
G 18.69 17.97 22.20 13.52 
S 178.68 149.36 117.47 226.72 
G 18.74 17.93 22.12 13.66 
S 178.21 149.79 114.55 228.39 
G 18.78 17.88 22.05 13.81 
S 177.71 150.25 111.61 230.06 
G 18.82 17.84 21.99 13.96 
S 177.18 150.74 108.68 231.73 
G 18.87 17.79 21.93 14.11 
S 176.62 151.25 105.74 233.42 
G 18.91 17.75 21.88 14.26 
S 176.04 151.79 102.81 235.13 
G 18.95 17.71 21.84 14.41 
S 175.43 152.35 99.89 236.86 
G 18.99 17.67 21.48 13.58 
S 174.80 152.92 98.41 237.19 
G 19.03 17.62 21.34 13.81 
S 174.19 153.48 99.51 234.94 
G 19.08 17.57 21.08 14.21 
S 173.59 154.03 102.69 230.57 
G 19.13 17.53 20.73 14.73 
S 172.99 154.58 107.46 224.59 
G 19.16 17.49 20.31 15.32 
S 172.38 155.13 113.31 217.52 
G 19.19 17.46 19.84 15.96 
S 171.76 155.70 119.78 209.89 
G 19.20 17.45 19.35 16.60 
S 171.12 156.28 126.47 202.18 
G 19.20 17.46 18.85 17.24 
S 170.47 156.88 133.10 194.80 
G 19.18 17.47 18.48 17.87 
S 169.81 157.49 139.84 187.85 
G 19.15 17.51 18.18 18.38 
S 169.15 158.11 145.94 181.66 
G 19.10 17.56 17.94 18.61 
S 168.49 158.74 151.19 176.34 
G 19.05 17.61 17.76 18.79 
S 167.85 159.35 155.81 171.65 
G 18.99 17.67 17.63 18.92 
S 167.23 159.95 159.74 167.66 
G 18.92 17.73 17.53 19.01 
S 166.65 160.51 162.95 164.39 
G 18.86 17.80 17.49 19.06 
S 166.11 161.03 165.46 161.84 
G 18.80 17.86 17.47 19.08 
S 165.62 161.51 167.29 159.96 
G 18.74 17.92 17.49 19.07 
S 165.18 161.94 168.52 158.70 
G 18.68 17.97 17.53 19.04 
S 164.80 162.32 169.22 157.97 
G 18.63 18.03 17.60 19.00 
S 164.46 162.66 169.47 157.70 
G 18.58 18.07 17.67 18.94 
S 164.16 162.95 169.35 157.79 
G 18.54 18.11 17.75 18.87 
S 163.92 163.19 168.96 158.17 
G 18.51 18.15 17.84 18.79 
S 163.71 163.40 168.36 158.76 
G 18.48 18.18 17.92 18.72 
S 163.54 163.56 167.63 159.47 
G 18.45 18.21 18.00 18.64 
S 163.41 163.69 166.84 160.26 
G 18.43 18.23 18.08 18.57 
S 163.30 163.80 166.04 161.06 
G 18.41 18.24 18.15 18.51 
S 163.22 163.88 165.26 161.84 
G 18.40 18.26 18.20 18.45 
S 163.17 163.93 164.54 162.55 
G 18.39 18.27 18.25 18.40 
S 163.12 163.97 163.91 163.18 
G 18.38 18.27 18.29 18.37 
S 163.10 164.00 163.37 163.72 
G 18.38 18.28 18.32 18.33 
S 163.08 164.02 162.94 164.15 
G 18.37 18.28 18.34 18.31 
S 163.08 164.02 162.62 164.48 
G 18.37 18.28 18.36 18.30 
S 163.08 164.02 162.39 164.70 
G 18.37 18.29 18.37 18.29 
S 163.08 164.02 162.26 164.84 
G 18.37 18.29 18.37 18.28 
S 163.09 164.01 162.20 164.89 
G 18.37 18.29 18.37 18.28 
S 163.09 164.00 162.22 164.88 
G 18.37 18.29 18.37 18.29 
S 163.10 164.00 162.29 164.81 
G 18.37 18.29 18.37 18.29 
S 163.11 163.99 162.40 164.70 
G 18.37 18.29 18.36 18.30 
S 163.12 163.98 162.54 164.56 
G 18.37 18.29 18.35 18.31 
S 163.12 163.97 162.69 164.40 
G 18.37 18.29 18.34 18.31 
S 163.13 163.96 162.86 164.23 
G 18.37 18.29 18.34 18.32 
S 163.14 163.96 163.02 164.07 
G 18.37 18.29 18.33 18.33 
S 163.14 163.95 163.18 163.92 
G 18.36 18.29 18.32 18.33 
S 163.15 163.95 163.32 163.77 
G 18.36 18.29 18.32 18.34 
S 163.15 163.94 163.44 163.65 
G 18.36 18.30 18.32 18.34 
S 163.16 163.94 163.55 163.54 
G 18.36 18.30 18.31 18.34 
S 163.16 163.93 163.64 163.46 
G 18.36 18.30 18.31 18.35 
S 163.17 163.93 163.71 163.39 
G 18.35 18.30 18.31 18.35 
S 163.17 163.92 163.75 163.34 
G 18.35 18.30 18.31 18.35 
S 163.18 163.91 163.79 163.31 
G 18.35 18.31 18.31 18.34 
S 163.19 163.91 163.80 163.29 
G 18.35 18.31 18.31 18.34 
S 163.20 163.90 163.81 163.28 
G 18.35 18.31 18.32 18.34 
S 163.20 163.89 163.80 163.29 
G 18.35 18.31 18.32 18.34 
S 163.21 163.88 163.79 163.30 
G 18.35 18.31 18.32 18.34 
S 163.22 163.87 163.77 163.32 
G 18.34 18.31 18.32 18.33 
S 163.23 163.86 163.75 163.34 
G 18.34 18.31 18.32 18.33 
S 163.24 163.85 163.73 163.37 
G 18.34 18.31 18.33 18.33 
S 163.25 163.84 163.70 163.39 
G 18.34 18.32 18.33 18.33 
S 163.26 163.83 163.68 163.41 
G 18.34 18.32 18.33 18.33 
S 163.27 163.82 163.66 163.43 
G 18.34 18.32 18.33 18.33 
S 163.28 163.81 163.64 163.45 
G 18.34 18.32 18.33 18.32 
S 163.29 163.80 163.62 163.47 
G 18.34 18.32 18.33 18.32 
S 163.30 163.79 163.61 163.48 
G 18.34 18.32 18.33 18.32 
S 163.31 163.78 163.60 163.49 
G 18.34 18.32 18.33 18.32 
S 163.33 163.77 163.59 163.50 
G 18.34 18.32 18.33 18.32 
S 163.33 163.76 163.59 163.51 
G 18.34 18.32 18.33 18.32 
S 163.34 163.75 163.58 163.51 
G 18.34 18.32 18.33 18.32 
S 163.35 163.74 163.58 163.51 
G 18.34 18.32 18.33 18.32 
S 163.36 163.73 163.58 163.51 
G 18.34 18.32 18.33 18.32 
S 163.37 163.72 163.58 163.51 
G 18.34 18.32 18.33 18.32 
S 163.38 163.71 163.59 163.51 
G 18.34 18.32 18.33 18.32 
S 163.39 163.70 163.59 163.50 
G 18.34 18.32 18.33 18.32 
S 163.40 163.70 163.59 163.50 
G 18.34 18.32 18.33 18.32 
S 0.00 0.00 0.00 0.00
G 0.00 0.00 0.00 0.00
