S 163.55 163.55 163.55 163.55 
G 18.33 18.33 18.33 18.33 
S 163.55 163.55 163.55 163.55 
G 18.33 18.33 18.33 18.33 
S 163.55 163.55 163.55 163.55 
G 18.33 18.33 18.33 18.33 
S 163.55 163.55 163.55 163.55 
G 18.33 18.33 18.33 18.33 
S 163.55 163.55 163.55 163.55 
G 18.33 18.33 18.33 18.33 
S 163.55 163.55 163.55 163.55 
G 18.33 18.33 18.33 18.33 
S 163.55 163.55 163.55 163.55 
G 18.33 18.33 18.33 18.33 
S 163.55 163.55 163.55 163.55 
G 18.33 18.33 18.33 18.33 
S 163.55 163.55 163.55 163.55 
G 18.33 18.33 18.33 18.33 
S 163.55 163.55 163.55 163.55 
G 18.33 18.33 18.33 18.33 
S 163.55 163.55 163.55 163.55 
G 18.33 18.33 18.33 18.33 
S 163.55 163.55 163.55 163.55 
G 18.33 18.33 18.33 18.33 
S 163.55 163.55 163.55 163.55 
G 18.33 18.33 18.33 18.33 
S 163.55 163.55 163.55 163.55 
G 18.33 18.33 18.33 18.33 
S 163.55 163.55 163.55 163.55 
G 18.33 18.33 18.33 18.33 
S 163.55 163.55 163.55 163.55 
G 18.33 18.33 18.33 18.33 
S 163.55 163.55 163.55 163.55 
G 18.33 18.33 18.33 18.33 
S 163.55 163.55 163.55 163.55 
G 18.33 18.33 18.33 18.33 
S 163.55 163.55 163.55 163.55 
G 18.33 18.33 18.33 18.33 
S 163.55 163.55 163.55 163.55 
G 18.33 18.33 18.33 18.33 
S 163.55 163.55 163.55 163.55 
G 18.33 18.33 18.33 18.33 
S 163.55 163.55 163.55 163.55 
G 18.33 18.33 18.33 18.33 
S 163.55 163.55 163.55 163.55 
G 18.33 18.33 18.33 18.33 
S 163.55 163.55 163.55 163.55 
G 18.33 18.33 18.33 18.33 
S 163.55 163.55 163.55 163.55 
G 18.33 18.33 18.33 18.33 
S 163.55 163.55 163.55 163.55 
G 18.33 18.33 18.33 18.33 
S 163.55 163.55 163.55 163.55 
G 18.33 18.33 18.33 18.33 
S 163.55 163.55 163.55 163.55 
G 18.33 18.33 18.33 18.33 
S 163.55 163.55 163.55 163.55 
G 18.33 18.33 18.33 18.33 
S 163.55 163.55 163.55 163.55 
G 18.33 18.33 18.33 18.33 
S 163.55 163.55 163.55 163.55 
G 18.33 18.33 18.33 18.33 
S 163.55 163.55 163.55 163.55 
G 18.33 18.33 18.33 18.33 
S 163.55 163.55 163.55 163.55 
G 18.33 18.33 18.33 18.33 
S 163.55 163.55 163.55 163.55 
G 18.33 18.33 18.33 18.33 
S 163.55 163.55 163.55 163.55 
G 18.33 18.33 18.33 18.33 
S 163.55 163.55 163.55 163.55 
G 18.33 18.33 18.33 18.33 
S 163.55 163.55 163.55 163.55 
G 18.33 18.33 18.33 18.33 
S 163.55 163.55 163.55 163.55 
G 18.33 18.33 18.33 18.33 
S 163.55 163.55 163.55 163.55 
G 18.33 18.33 18.33 18.33 
S 163.55 163.55 163.55 163.55 
G 18.33 18.33 18.33 18.33 
S 163.55 163.55 163.55 163.55 
G 18.33 18.33 18.33 18.33 
S 163.55 163.55 163.55 163.55 
G 18.33 18.33 18.33 18.33 
S 163.55 163.55 163.55 163.55 
G 18.33 18.33 18.33 18.33 
S 163.55 163.55 163.55 163.55 
G 18.33 18.33 18.33 18.33 
S 163.55 163.55 163.55 163.55 
G 18.33 18.33 18.33 18.33 
S 163.55 163.55 163.55 163.55 
G 18.33 18.33 18.33 18.33 
S 163.55 163.55 163.55 163.55 
G 18.33 18.33 18.33 18.33 
S 163.55 163.55 163.55 163.55 
G 18.33 18.33 18.33 18.33 
S 163.55 163.55 163.55 163.55 
G 18.33 18.33 18.33 18.33 
S 163.55 163.55 163.55 163.55 
G 18.33 18.33 18.33 18.33 
S 163.55 163.55 163.55 163.55 
G 18.33 18.33 18.33 18.33 
S 163.55 163.55 163.55 163.55 
G 18.33 18.33 18.33 18.33 
S 163.55 163.55 163.55 163.55 
G 18.33 18.33 18.33 18.33 
S 163.55 163.55 163.55 163.55 
G 18.33 18.33 18.33 18.33 
S 163.55 163.55 163.55 163.55 
G 18.33 18.33 18.33 18.33 
S 163.55 163.55 163.55 163.55 
G 18.33 18.33 18.33 18.33 
S 163.55 163.55 163.55 163.55 
G 18.33 18.33 18.33 18.33 
S 163.55 163.55 163.55 163.55 
G 18.33 18.33 18.33 18.33 
S 163.55 163.55 163.55 163.55 
G 18.33 18.33 18.33 18.33 
S 163.55 163.55 163.55 163.55 
G 18.33 18.33 18.33 18.33 
S 163.55 163.55 163.55 163.55 
G 18.33 18.33 18.33 18.33 
S 163.55 163.55 163.55 163.55 
G 18.33 18.33 18.33 18.33 
S 163.55 163.55 163.55 163.55 
G 18.33 18.33 18.33 18.33 
S 163.55 163.55 163.55 163.55 
G 18.33 18.33 18.33 18.33 
S 163.55 163.55 163.55 163.55 
G 18.33 18.33 18.33 18.33 
S 163.55 163.55 163.55 163.55 
G 18.33 18.33 18.33 18.33 
S 163.55 163.55 163.55 163.55 
G 18.33 18.33 18.33 18.33 
S 163.55 163.55 163.55 163.55 
G 24.53 12.13 13.16 23.50 
S 162.96 164.18 161.77 165.33 
G 24.71 12.02 13.62 23.32 
S 161.47 166.01 157.72 169.45 
G 24.72 12.11 14.49 22.93 
S 159.56 168.43 152.96 174.41 
G 24.76 12.16 15.38 22.42 
S 157.80 170.94 148.05 179.61 
G 24.81 12.21 16.20 21.85 
S 156.46 173.21 143.44 184.54 
G 24.91 12.22 16.90 21.29 
S 155.71 175.11 139.37 188.92 
G 25.05 12.20 17.49 20.77 
S 155.43 176.51 136.25 192.30 
G 24.93 12.16 17.96 20.32 
S 155.41 177.38 134.29 194.44 
G 24.84 12.10 18.33 19.96 
S 155.56 177.78 133.26 195.57 
G 24.79 12.02 18.61 19.69 
S 155.83 177.79 133.11 195.76 
G 24.75 11.93 18.82 19.49 
S 156.18 177.43 133.74 195.11 
G 24.74 11.83 18.98 19.34 
S 156.60 176.76 135.02 193.76 
G 24.74 11.72 19.09 19.25 
S 157.06 175.93 136.78 191.92 
G 24.75 11.71 19.16 19.19 
S 157.54 175.09 138.89 189.70 
G 24.77 11.69 19.22 19.14 
S 158.00 174.28 141.26 187.21 
G 24.79 11.66 19.25 19.12 
S 158.44 173.50 143.79 184.56 
G 24.82 11.63 19.27 19.09 
S 158.87 172.76 146.37 181.87 
G 24.86 11.59 19.29 19.07 
S 159.28 172.04 148.92 179.22 
G 24.90 11.55 19.30 19.04 
S 159.68 171.37 151.36 176.67 
G 24.95 11.51 19.31 19.00 
S 160.06 170.73 153.67 174.28 
G 24.99 11.46 19.33 18.95 
S 160.41 170.14 155.79 172.07 
G 25.04 11.41 19.36 18.89 
S 160.74 169.59 157.72 170.06 
G 25.10 11.36 19.39 18.82 
S 161.04 169.09 159.46 168.24 
G 25.16 11.30 19.43 18.75 
S 161.31 168.63 161.00 166.63 
G 25.22 11.24 19.48 18.66 
S 161.56 168.22 162.37 165.18 
G 25.29 11.17 19.53 18.57 
S 161.77 167.85 163.59 163.90 
G 25.36 11.11 19.59 18.48 
S 161.94 167.54 164.68 162.74 
G 25.43 11.03 19.66 18.38 
S 162.08 167.28 165.67 161.69 
G 25.51 10.96 19.73 18.28 
S 162.19 167.08 166.59 160.72 
G 25.59 10.88 19.81 18.18 
S 162.26 166.92 167.46 159.80 
G 25.67 10.79 19.89 18.09 
S 162.28 166.83 168.30 158.91 
G 25.76 10.71 19.98 18.00 
S 162.27 166.79 169.14 158.03 
G 25.85 10.62 20.07 17.91 
S 162.21 166.81 170.00 157.14 
G 25.95 10.52 20.16 17.83 
S 162.10 166.89 170.89 156.23 
G 26.04 10.43 20.25 17.75 
S 161.95 167.03 171.83 155.29 
G 26.14 10.33 20.35 17.67 
S 161.76 167.24 172.82 154.30 
G 26.25 10.23 20.45 17.61 
S 161.51 167.51 173.88 153.26 
G 26.35 10.13 20.56 17.54 
S 161.22 167.85 175.01 152.17 
G 26.46 10.03 20.67 17.49 
S 160.88 168.26 176.21 151.02 
G 26.56 9.92 20.79 17.43 
S 160.48 168.73 177.48 149.81 
G 26.67 9.82 20.91 17.38 
S 160.04 169.28 178.83 148.55 
G 26.79 9.71 21.03 17.34 
S 159.54 169.91 180.26 147.23 
G 26.90 9.60 21.17 17.30 
S 159.00 170.61 181.76 145.85 
G 27.02 9.49 21.31 17.27 
S 158.40 171.39 183.35 144.42 
G 27.13 9.38 21.46 17.24 
S 157.75 172.25 185.01 142.93 
G 27.25 9.27 21.62 17.21 
S 157.05 173.20 186.75 141.38 
G 27.37 9.16 21.79 17.18 
S 156.30 174.24 188.57 139.78 
G 27.50 9.04 21.96 17.16 
S 155.49 175.37 190.48 138.12 
G 27.62 8.93 22.15 17.15 
S 154.64 176.59 192.49 136.40 
G 27.75 8.81 22.35 17.14 
S 153.73 177.92 194.59 134.61 
G 27.88 8.69 22.57 17.13 
S 152.77 179.35 196.79 132.75 
G 28.01 8.57 22.79 17.12 
S 151.77 180.90 199.11 130.82 
G 28.15 8.45 23.03 17.12 
S 150.71 182.56 201.55 128.79 
G 28.29 8.33 23.28 17.13 
S 149.61 184.35 204.12 126.67 
G 28.42 8.21 9.09 26.69 
S 149.30 185.45 203.17 127.24 
G 28.44 8.22 9.64 26.80 
S 149.62 186.01 195.85 133.25 
G 28.30 8.41 11.21 26.63 
S 149.49 187.03 184.48 143.47 
G 28.10 8.62 12.94 26.15 
S 149.04 188.31 172.41 154.88 
G 27.91 8.82 14.46 25.47 
S 148.49 189.60 160.86 166.23 
G 27.73 8.99 15.70 24.67 
S 147.92 190.82 150.78 176.44 
G 27.59 9.12 16.66 23.85 
S 147.40 191.94 142.43 185.12 
G 27.49 9.22 17.39 23.06 
S 146.93 192.95 135.73 192.22 
G 27.41 9.30 17.94 22.33 
S 146.53 193.89 130.61 197.76 
G 27.35 9.35 18.37 21.70 
S 146.17 194.76 126.98 201.76 
G 27.31 9.39 18.70 21.16 
S 145.85 195.58 124.75 204.30 
G 27.29 9.42 18.96 20.72 
S 145.55 196.37 123.79 205.50 
G 27.27 9.44 19.17 20.38 
S 145.28 197.14 123.97 205.50 
G 27.26 9.46 19.34 20.12 
S 145.03 197.89 125.10 204.49 
G 27.24 9.48 19.48 19.93 
S 144.80 198.62 127.00 202.67 
G 27.23 9.49 19.61 19.79 
S 144.59 199.34 129.46 200.25 
G 27.22 9.51 19.73 19.69 
S 144.38 200.05 132.36 197.36 
G 27.20 9.53 19.85 19.62 
S 144.20 200.75 135.53 194.20 
G 27.18 9.56 19.96 19.57 
S 144.03 201.43 138.82 190.90 
G 27.16 9.59 20.07 19.51 
S 143.88 202.09 142.11 187.60 
G 27.13 9.62 20.19 19.45 
S 143.74 202.73 145.29 184.40 
G 27.10 9.65 20.30 19.38 
S 143.62 203.34 148.31 181.36 
G 27.06 9.69 20.42 19.29 
S 143.52 203.92 151.10 178.53 
G 27.03 9.73 20.55 19.17 
S 143.43 204.47 153.65 175.92 
G 26.99 9.77 20.67 19.04 
S 143.36 204.99 155.95 173.55 
G 26.95 9.81 20.80 18.89 
S 143.30 205.49 158.02 171.40 
G 26.90 9.86 20.93 18.73 
S 143.25 205.95 159.87 169.44 
G 26.86 9.90 21.06 18.55 
S 143.21 206.37 161.53 167.65 
G 26.82 9.94 21.20 18.36 
S 143.18 206.77 163.04 166.00 
G 26.77 9.99 21.33 18.16 
S 143.16 207.14 164.43 164.44 
G 26.73 10.03 21.47 17.96 
S 143.15 207.47 165.73 162.96 
G 26.69 10.07 21.61 17.76 
S 143.15 207.77 166.99 161.51 
G 19.83 15.99 12.89 9.76 
S 142.65 206.37 169.17 159.17 
G 19.56 16.19 13.24 9.96 
S 142.87 202.75 172.28 155.93 
G 19.47 16.26 13.80 10.31 
S 144.19 198.63 174.98 153.10 
G 19.35 16.36 14.40 10.66 
S 145.29 194.86 177.21 150.74 
G 19.24 16.46 15.00 10.97 
S 146.10 191.62 178.95 148.88 
G 19.12 16.58 15.59 11.24 
S 146.55 188.98 180.27 147.43 
G 19.08 16.72 16.17 11.48 
S 146.78 187.03 181.29 146.28 
G 19.13 16.87 16.73 11.69 
S 146.88 185.76 182.09 145.37 
G 19.18 17.05 17.28 11.90 
S 146.97 185.07 182.75 144.61 
G 19.22 17.25 17.82 12.09 
S 147.10 184.94 183.35 143.94 
G 19.25 17.45 18.36 12.28 
S 147.20 185.07 183.98 143.26 
G 19.27 17.43 18.89 12.47 
S 147.31 185.22 184.66 142.57 
G 19.28 17.42 19.43 12.67 
S 147.41 185.38 185.48 141.79 
G 19.28 17.41 19.97 12.89 
S 147.50 185.55 186.46 140.90 
G 19.28 17.42 20.51 13.11 
S 147.58 185.74 187.64 139.88 
G 19.26 17.43 21.07 13.35 
S 147.67 185.93 189.02 138.74 
G 19.24 17.46 21.63 13.61 
S 147.76 186.12 190.61 137.46 
G 19.21 17.49 22.21 13.87 
S 147.85 186.30 192.41 136.08 
G 19.16 17.53 22.80 14.15 
S 147.95 186.47 194.41 134.58 
G 19.11 17.58 23.41 14.43 
S 148.06 186.62 196.62 133.01 
G 19.05 17.63 24.04 14.73 
S 148.19 186.74 199.01 131.38 
G 18.97 17.70 24.68 15.02 
S 148.34 186.82 201.58 129.70 
G 18.89 17.77 25.35 15.32 
S 148.51 186.86 204.33 128.01 
G 18.80 17.86 26.04 15.62 
S 148.70 186.86 207.25 126.33 
G 18.70 17.95 25.88 15.87 
S 148.96 186.78 208.76 126.18 
G 18.59 18.04 26.48 15.98 
S 149.31 186.57 207.59 128.83 
G 18.47 18.15 26.98 15.83 
S 149.71 186.29 204.25 133.81 
G 18.36 18.25 27.40 15.49 
S 150.11 185.96 199.64 140.21 
G 18.24 18.35 27.47 15.02 
S 150.40 185.70 196.61 144.75 
G 18.13 18.45 27.42 14.70 
S 150.58 185.51 193.90 148.64 
G 18.02 18.55 27.37 14.42 
S 150.72 185.32 190.88 152.48 
G 17.91 18.64 27.32 14.14 
S 150.88 185.08 187.68 156.18 
G 17.81 18.73 27.26 13.88 
S 151.08 184.77 184.36 159.66 
G 17.71 18.82 27.20 13.63 
S 151.32 184.38 181.02 162.87 
G 17.62 18.91 27.15 13.41 
S 151.60 183.93 177.73 165.73 
G 17.52 18.99 27.10 13.22 
S 151.93 183.40 174.53 168.22 
G 17.43 19.08 27.06 13.06 
S 152.32 182.79 171.43 170.50 
G 17.34 19.16 27.02 13.01 
S 152.74 182.12 168.61 172.56 
G 17.26 19.23 27.00 12.99 
S 153.22 181.38 165.90 174.55 
G 17.17 19.31 26.99 12.99 
S 153.74 180.58 163.33 176.44 
G 17.09 19.39 26.98 13.01 
S 154.31 179.71 160.90 178.22 
G 17.00 19.47 26.98 13.04 
S 154.92 178.78 158.61 179.88 
G 16.92 19.55 26.98 13.09 
S 155.57 177.79 156.46 181.42 
G 16.83 19.62 26.99 13.15 
S 156.28 176.75 154.45 182.84 
G 16.75 19.70 27.00 13.23 
S 157.02 175.64 152.55 184.15 
G 16.66 19.78 27.01 13.32 
S 157.82 174.48 150.76 185.37 
G 16.58 19.87 27.02 13.42 
S 158.66 173.26 149.05 186.51 
G 16.49 19.95 27.04 13.52 
S 159.56 171.99 147.41 187.59 
G 16.40 20.04 27.05 13.63 
S 160.51 170.65 145.82 188.64 
G 16.31 20.12 27.07 13.75 
S 161.51 169.27 144.26 189.66 
G 16.22 20.21 27.09 13.86 
S 162.57 167.82 142.71 190.68 
G 16.12 20.30 27.10 13.98 
S 163.69 166.33 141.16 191.72 
G 16.03 20.39 27.11 14.10 
S 164.87 164.77 139.58 192.79 
G 15.93 20.48 27.12 14.22 
S 166.11 163.17 137.98 193.90 
G 15.84 20.58 27.13 14.34 
S 167.42 161.51 136.34 195.08 
G 15.74 20.67 27.14 14.45 
S 168.81 159.80 134.65 196.32 
G 15.65 20.76 15.70 6.65 
S 169.65 158.64 134.10 197.34 
G 15.70 20.74 16.00 6.38 
S 170.14 157.87 135.27 198.11 
G 15.92 20.55 16.97 5.14 
S 171.09 156.69 137.62 198.51 
G 16.19 20.31 18.12 3.63 
S 172.37 155.24 141.03 198.34 
G 16.45 20.07 19.26 2.08 
S 173.75 153.74 145.33 197.50 
G 16.68 19.86 20.32 0.59 
S 175.06 152.34 150.38 195.99 
G 16.88 19.67 21.28 0.82 
S 176.22 151.11 156.02 193.83 
G 17.06 19.51 22.13 2.15 
S 177.20 150.09 162.11 191.05 
G 17.20 19.38 22.86 3.39 
S 177.81 149.45 168.70 187.57 
G 17.31 19.28 23.48 4.56 
S 178.09 149.13 175.52 183.61 
G 17.40 19.20 23.99 5.64 
S 178.31 148.90 182.39 179.29 
G 17.47 19.13 24.40 6.64 
S 178.45 148.74 189.23 174.69 
G 17.52 19.09 24.71 7.57 
S 178.53 148.65 195.92 169.92 
G 17.56 19.06 24.94 8.42 
S 178.56 148.61 202.30 165.10 
G 17.58 19.04 25.09 9.19 
S 178.56 148.60 208.26 160.36 
G 17.59 19.03 25.16 9.88 
S 178.54 148.62 213.65 155.86 
G 17.59 19.03 25.18 10.49 
S 178.52 148.65 218.36 151.72 
G 17.59 19.04 25.15 11.02 
S 178.50 148.67 222.27 148.07 
G 17.58 19.05 25.07 11.46 
S 178.49 148.69 225.29 145.03 
G 17.56 19.07 24.97 11.82 
S 178.50 148.70 227.36 142.69 
G 17.55 19.08 24.84 12.11 
S 178.53 148.68 228.43 141.14 
G 17.53 19.10 24.71 12.32 
S 178.59 148.64 228.49 140.41 
G 17.52 19.11 24.57 12.47 
S 178.68 148.58 227.55 140.53 
G 17.51 19.12 24.43 12.55 
S 178.80 148.49 225.66 141.50 
G 17.51 19.13 24.29 12.58 
S 178.95 148.38 222.89 143.28 
G 17.51 19.13 24.17 12.56 
S 179.12 148.24 219.32 145.83 
G 17.51 19.13 24.05 12.51 
S 179.32 148.09 215.07 149.05 
G 17.53 19.12 23.95 12.43 
S 179.54 147.92 210.26 152.86 
G 17.55 19.10 23.85 12.33 
S 179.77 147.75 205.01 157.15 
G 17.57 19.08 23.76 12.23 
S 180.00 147.57 199.46 161.79 
G 17.61 19.05 23.69 12.13 
S 180.24 147.39 193.74 166.67 
G 17.65 19.01 23.62 12.03 
S 180.46 147.23 187.96 171.67 
G 17.69 18.96 23.55 11.96 
S 180.68 147.07 182.25 176.67 
G 17.75 18.91 23.49 11.90 
S 180.87 146.94 176.68 181.56 
G 17.80 18.86 23.43 11.87 
S 181.03 146.83 171.33 186.28 
G 17.86 18.80 23.37 11.86 
S 181.16 146.75 166.25 190.74 
G 17.92 18.74 23.31 11.89 
S 181.26 146.70 161.47 194.92 
G 17.99 18.68 23.24 11.93 
S 181.32 146.69 156.99 198.77 
G 18.05 18.61 23.17 12.01 
S 181.34 146.71 152.81 202.30 
G 18.12 18.55 23.10 12.10 
S 181.31 146.77 148.90 205.51 
G 18.18 18.48 23.01 12.21 
S 181.24 146.86 145.23 208.43 
G 18.25 18.42 22.93 12.34 
S 181.13 147.00 141.78 211.08 
G 18.31 18.36 22.84 12.48 
S 180.96 147.17 138.49 213.49 
G 18.37 18.30 22.75 12.62 
S 180.76 147.38 135.33 215.71 
G 18.43 18.24 22.65 12.77 
S 180.51 147.62 132.28 217.76 
G 18.48 18.18 22.56 12.92 
S 180.22 147.90 129.29 219.69 
G 18.54 18.13 22.46 13.07 
S 179.90 148.22 126.34 221.51 
G 18.59 18.08 22.37 13.22 
S 179.53 148.56 123.41 223.27 
G 18.64 18.03 22.29 13.37 
S 179.13 148.94 120.49 224.98 
G 18.69 17.98 22.20 13.51 
S 178.69 149.35 117.58 226.66 
G 18.73 17.93 22.13 13.66 
S 178.22 149.78 114.65 228.33 
G 18.78 17.88 22.05 13.81 
S 177.72 150.24 111.72 230.00 
G 18.82 17.84 21.99 13.95 
S 177.19 150.73 108.78 231.67 
G 18.86 17.80 21.93 14.10 
S 176.63 151.24 105.85 233.36 
G 18.90 17.75 21.88 14.25 
S 176.05 151.78 102.91 235.07 
G 18.95 17.71 21.84 14.41 
S 175.44 152.33 99.99 236.80 
G 18.99 17.67 21.48 13.58 
S 174.82 152.91 98.51 237.13 
G 19.03 17.63 21.34 13.81 
S 174.21 153.47 99.60 234.89 
G 19.08 17.58 21.09 14.21 
S 173.61 154.02 102.77 230.53 
G 19.13 17.53 20.74 14.72 
S 173.01 154.56 107.53 224.55 
G 19.16 17.49 20.32 15.32 
S 172.40 155.11 113.37 217.49 
G 19.19 17.47 19.85 15.95 
S 171.78 155.68 119.83 209.86 
G 19.20 17.46 19.35 16.59 
S 171.14 156.26 126.51 202.16 
G 19.20 17.46 18.86 17.23 
S 170.49 156.87 133.13 194.78 
G 19.18 17.48 18.48 17.86 
S 169.83 157.47 139.85 187.83 
G 19.15 17.51 18.18 18.38 
S 169.18 158.09 145.98 181.62 
G 19.10 17.56 17.94 18.61 
S 168.52 158.71 151.23 176.30 
G 19.04 17.61 17.76 18.79 
S 167.87 159.33 155.85 171.61 
G 18.99 17.67 17.63 18.92 
S 167.26 159.93 159.78 167.62 
G 18.92 17.73 17.54 19.01 
S 166.67 160.49 162.99 164.36 
G 18.86 17.80 17.49 19.06 
S 166.14 161.01 165.49 161.81 
G 18.80 17.86 17.47 19.08 
S 165.65 161.49 167.32 159.93 
G 18.74 17.92 17.49 19.07 
S 165.21 161.92 168.54 158.67 
G 18.68 17.97 17.53 19.04 
S 164.82 162.30 169.24 157.95 
G 18.63 18.03 17.60 19.00 
S 164.48 162.64 169.48 157.68 
G 18.58 18.07 17.67 18.93 
S 164.18 162.93 169.36 157.78 
G 18.54 18.11 17.75 18.86 
S 163.93 163.17 168.96 158.16 
G 18.51 18.15 17.84 18.79 
S 163.73 163.38 168.37 158.75 
G 18.48 18.18 17.93 18.71 
S 163.56 163.54 167.64 159.47 
G 18.45 18.21 18.01 18.64 
S 163.42 163.68 166.84 160.26 
G 18.43 18.23 18.08 18.57 
S 163.32 163.78 166.04 161.06 
G 18.41 18.24 18.15 18.51 
S 163.24 163.86 165.26 161.84 
G 18.40 18.26 18.20 18.45 
S 163.18 163.92 164.54 162.55 
G 18.39 18.27 18.25 18.40 
S 163.14 163.96 163.91 163.19 
G 18.38 18.27 18.29 18.36 
S 163.11 163.99 163.37 163.72 
G 18.38 18.28 18.32 18.33 
S 163.10 164.00 162.94 164.15 
G 18.37 18.28 18.35 18.31 
S 163.09 164.01 162.61 164.48 
G 18.37 18.28 18.36 18.30 
S 163.09 164.01 162.39 164.70 
G 18.37 18.29 18.37 18.29 
S 163.09 164.01 162.26 164.84 
G 18.37 18.29 18.37 18.28 
S 163.10 164.00 162.20 164.89 
G 18.37 18.29 18.37 18.28 
S 163.10 163.99 162.22 164.88 
G 18.37 18.29 18.37 18.29 
S 163.11 163.99 162.29 164.81 
G 18.37 18.29 18.37 18.29 
S 163.12 163.98 162.40 164.69 
G 18.37 18.29 18.36 18.30 
S 163.13 163.97 162.54 164.55 
G 18.37 18.29 18.35 18.31 
S 163.13 163.96 162.70 164.40 
G 18.37 18.29 18.34 18.31 
S 163.14 163.96 162.86 164.23 
G 18.37 18.29 18.34 18.32 
S 163.15 163.95 163.02 164.07 
G 18.37 18.29 18.33 18.33 
S 163.15 163.94 163.18 163.91 
G 18.36 18.29 18.32 18.33 
S 163.16 163.94 163.32 163.77 
G 18.36 18.29 18.32 18.34 
S 163.16 163.93 163.45 163.65 
G 18.36 18.30 18.32 18.34 
S 163.17 163.93 163.55 163.54 
G 18.36 18.30 18.31 18.34 
S 163.17 163.92 163.64 163.45 
G 18.36 18.30 18.31 18.35 
S 163.18 163.92 163.71 163.39 
G 18.35 18.30 18.31 18.35 
S 163.18 163.91 163.76 163.34 
G 18.35 18.30 18.31 18.35 
S 163.19 163.91 163.79 163.30 
G 18.35 18.31 18.31 18.34 
S 163.19 163.90 163.81 163.29 
G 18.35 18.31 18.31 18.34 
S 163.20 163.89 163.81 163.28 
G 18.35 18.31 18.32 18.34 
S 163.21 163.89 163.81 163.29 
G 18.35 18.31 18.32 18.34 
S 163.22 163.88 163.79 163.30 
G 18.35 18.31 18.32 18.34 
S 163.23 163.87 163.77 163.32 
G 18.34 18.31 18.32 18.33 
S 163.24 163.86 163.75 163.34 
G 18.34 18.31 18.32 18.33 
S 163.25 163.85 163.73 163.36 
G 18.34 18.31 18.33 18.33 
S 163.26 163.84 163.70 163.39 
G 18.34 18.31 18.33 18.33 
S 163.27 163.83 163.68 163.41 
G 18.34 18.32 18.33 18.33 
S 163.28 163.82 163.66 163.43 
G 18.34 18.32 18.33 18.33 
S 163.29 163.81 163.64 163.45 
G 18.34 18.32 18.33 18.32 
S 163.30 163.80 163.62 163.47 
G 18.34 18.32 18.33 18.32 
S 163.31 163.79 163.61 163.48 
G 18.34 18.32 18.33 18.32 
S 163.32 163.78 163.60 163.49 
G 18.34 18.32 18.33 18.32 
S 163.33 163.77 163.59 163.50 
G 18.34 18.32 18.33 18.32 
S 163.34 163.76 163.59 163.51 
G 18.34 18.32 18.33 18.32 
S 163.35 163.75 163.58 163.51 
G 18.34 18.32 18.33 18.32 
S 163.36 163.74 163.58 163.51 
G 18.34 18.32 18.33 18.32 
S 163.36 163.73 163.58 163.51 
G 18.34 18.32 18.33 18.32 
S 163.37 163.72 163.58 163.51 
G 18.34 18.32 18.33 18.32 
S 163.38 163.71 163.59 163.51 
G 18.34 18.32 18.33 18.32 
S 163.39 163.70 163.59 163.50 
G 18.34 18.32 18.33 18.32 
S 163.40 163.70 163.59 163.50 
G 18.34 18.32 18.33 18.32 
S 163.41 163.69 163.60 163.50 
G 18.34 18.32 18.33 18.32 
S 163.41 163.68 163.60 163.49 
G 18.34 18.32 18.33 18.32 
S 163.42 163.67 163.60 163.49 
G 18.34 18.32 18.33 18.32 
S 163.43 163.67 163.60 163.49 
G 18.34 18.32 18.33 18.32 
S 163.43 163.66 163.60 163.49 
G 18.34 18.32 18.33 18.32 
S 0.00 0.00 0.00 0.00
G 0.00 0.00 0.00 0.00
